[LEFT_CAM_2K]
fx=1065.58
fy=1065.33
cx=1072.84
cy=652.269
k1=-0.0554992
k2=0.0268788
p1=-7.60025e-05
p2=-1.25645e-05
k3=-0.00999214

[RIGHT_CAM_2K]
fx=1068.43
fy=1068.37
cx=1115
cy=644.679
k1=-0.0586565
k2=0.0334342
p1=0.000468503
p2=-3.58974e-05
k3=-0.0132395

[LEFT_CAM_FHD]
fx=1065.58
fy=1065.33
cx=928.84
cy=571.269
k1=-0.0554992
k2=0.0268788
p1=-7.60025e-05
p2=-1.25645e-05
k3=-0.00999214

[RIGHT_CAM_FHD]
fx=1068.43
fy=1068.37
cx=971
cy=563.679
k1=-0.0586565
k2=0.0334342
p1=0.000468503
p2=-3.58974e-05
k3=-0.0132395

[LEFT_CAM_HD]
fx=532.79
fy=532.665
cx=622.92
cy=374.1345
k1=-0.0554992
k2=0.0268788
p1=-7.60025e-05
p2=-1.25645e-05
k3=-0.00999214

[RIGHT_CAM_HD]
fx=534.215
fy=534.185
cx=644
cy=370.3395
k1=-0.0586565
k2=0.0334342
p1=0.000468503
p2=-3.58974e-05
k3=-0.0132395

[LEFT_CAM_VGA]
fx=266.395
fy=266.3325
cx=326.96
cy=194.56725
k1=-0.0554992
k2=0.0268788
p1=-7.60025e-05
p2=-1.25645e-05
k3=-0.00999214

[RIGHT_CAM_VGA]
fx=267.1075
fy=267.0925
cx=337.5
cy=192.66975
k1=-0.0586565
k2=0.0334342
p1=0.000468503
p2=-3.58974e-05
k3=-0.0132395

[LEFT_DISTO]
k1=-1.38785
k2=2.73377
k3=0.149647
k4=-1.29423
k5=2.57494
k6=0.32716
p1=-0.000217038
p2=-0.000459364

[RIGHT_DISTO]
k1=-1.52311
k2=3.19486
k3=0.0327796
k4=-1.43247
k5=3.04158
k6=0.215687
p1=0.000262936
p2=2.80822e-05

[STEREO]
Baseline=119.897
TY=-0.313878
TZ=0.494325
CV_2K=0.00819223
CV_FHD=0.00819223
CV_HD=0.00819223
CV_VGA=0.00819223
RX_2K=0.00552173
RX_FHD=0.00552173
RX_HD=0.00552173
RX_VGA=0.00552173
RZ_2K=0.00225491
RZ_FHD=0.00225491
RZ_HD=0.00225491
RZ_VGA=0.00225491

[MISC]
Sensor_ID=0

