[LEFT_CAM_2K]
fx=1065.53
fy=1065.6
cx=1056.85
cy=588.609
k1=-0.0559714
k2=0.0293376
p1=-0.00019522
p2=0.000357516
k3=-0.0115909

[RIGHT_CAM_2K]
fx=1066.87
fy=1067.64
cx=1090.05
cy=649.692
k1=-0.0632621
k2=0.0411903
p1=-0.000604312
p2=-0.000763488
k3=-0.0167703

[LEFT_CAM_FHD]
fx=1065.53
fy=1065.6
cx=912.85
cy=507.609
k1=-0.0559714
k2=0.0293376
p1=-0.00019522
p2=0.000357516
k3=-0.0115909

[RIGHT_CAM_FHD]
fx=1066.87
fy=1067.64
cx=946.05
cy=568.692
k1=-0.0632621
k2=0.0411903
p1=-0.000604312
p2=-0.000763488
k3=-0.0167703

[LEFT_CAM_HD]
fx=532.765
fy=532.8
cx=614.925
cy=342.3045
k1=-0.0559714
k2=0.0293376
p1=-0.00019522
p2=0.000357516
k3=-0.0115909

[RIGHT_CAM_HD]
fx=533.435
fy=533.82
cx=631.525
cy=372.846
k1=-0.0632621
k2=0.0411903
p1=-0.000604312
p2=-0.000763488
k3=-0.0167703

[LEFT_CAM_VGA]
fx=266.3825
fy=266.4
cx=322.9625
cy=178.65225
k1=-0.0559714
k2=0.0293376
p1=-0.00019522
p2=0.000357516
k3=-0.0115909

[RIGHT_CAM_VGA]
fx=266.7175
fy=266.91
cx=331.2625
cy=193.923
k1=-0.0632621
k2=0.0411903
p1=-0.000604312
p2=-0.000763488
k3=-0.0167703

[LEFT_DISTO]
k1=-1.58245
k2=3.20121
k3=-0.00359379
k4=-1.49517
k5=3.0539
k6=0.172511
p1=-0.000342271
p2=0.000214639

[RIGHT_DISTO]
k1=-1.25723
k2=2.40622
k3=0.203769
k4=-1.16276
k5=2.24815
k6=0.372893
p1=-0.000632844
p2=-0.000229018

[STEREO]
Baseline=119.879
TY=-0.206981
TZ=0.598067
CV_2K=0.00623601
CV_FHD=0.00623601
CV_HD=0.00623601
CV_VGA=0.00623601
RX_2K=0.0035056
RX_FHD=0.0035056
RX_HD=0.0035056
RX_VGA=0.0035056
RZ_2K=0.0026909
RZ_FHD=0.0026909
RZ_HD=0.0026909
RZ_VGA=0.0026909

[MISC]
Sensor_ID=0

